87000
87010
87014
87015
87016
87018
87019
87020
87024
87025
87026
87027
87028
87029
87030
87033
87037
87039
87040
87048
87049
87050
87059
87060
87070
87071
87076
87078
87080
87084
87085
87086
87087
87089
87090
87099
87100
87110
87120
87130
87134
87137
87140
87150
87160
87170
87180
87183
87200
87220
87230
87240
87245
87250
87260
87261
87270
87277
87279
87300
87310
87313
87314
87315
87316
87317
87330
87340
87343
87344
87345
87346
87347
87348
87350
87360
87370
87380
87385
87389
87390
87394
87395
87396
87397
87398
87399
87400
87410
87413
87420
87438
87440
87444
87447
87448
87449
87450
87453
87454
87455
87456
87457
87458
87460
87470
87477
87490
87493
87494
87496
87499
87500
87504
87507
87563
87600
87605
87606
87670
87700
87760
87770
87780
87785
87790
87800
87900
87930
87932
87995
88000
88030
88040
88060
88177
88187
88200
88275
88290
88300
88390
88400
88402
88442
88500
88560
88630
88650
88651
88660
88690
88700
88703
88710
88715
88720
88730
88736
88740
88747
88750
88780
88787
88788
88790
88799
88800
88820
88900
88933
88940
88945
88990
89000
89060
89070
89080
89100
89110
89120
89130
89138
89190
89300
89309
89310
89317
89330
89350
89364
89365
89368
89369
89400
89410
89420
89430
89440
89450
89460
89490
89496
89505
89510
89514
89515
89556
89600
89604
89605
89607
89670
89730
89750
89763
89800
89829
89849
89850
89860
89868